0.3363147
0.4945966
0.3851169
0.32653200000000004
0.10952459999999986
0.10558789999999996
0.4595828999999998
0.14352929999999997
0.23579019999999984
0.2722777999999999
0.14779790000000004
0.06829330000000011
0.4121832999999997
0.1484295999999996
0.18369009999999975
0.19667879999999993
0.03266600000000075
0.22362340000000014
0.08946900000000024
0.03895879999999963
0.2626394999999997
0.023745199999999578
0.15753459999999997
0.11205320000000007
0.019914800000000454
0.06399670000000057
0.19907650000000032
0.14103789999999972
0.030869999999999287
0.11603140000000067
0.0787621000000005
0.07291239999999988
0.019765599999999495
0.09416050000000009
0.050370899999999885
0.10169479999999975
0.2251424000000002
0.10524869999999975
0.035996799999999496
0.03629309999999997
0.09886820000000007
0.1486369999999999
0.05852199999999996
0.04148189999999996
0.05767229999999923
0.07610340000000004
0.18742090000000022
0.03460860000000032
0.04328919999999936
0.07244359999999972
0.03790099999999974
0.15211430000000004
0.031150900000000092
0.060636500000000204
0.06378320000000048
0.08249619999999958
0.04979089999999964
0.049497399999999914
0.03161639999999988
0.04561300000000035
0.05162709999999926
0.1425945000000004
0.08460099999999926
0.07439330000000055
0.12161739999999988
0.0781925999999995
0.1401810999999995
0.3620023999999997
0.05168070000000036
0.05465400000000109
0.16908719999999988
0.0682879000000014
0.1451241000000003
0.1751208000000002
0.03783739999999902
0.14134190000000046
0.10262480000000096
0.024743600000000754
0.16909609999999908
0.025519900000000817
0.06884479999999904
0.11823090000000036
0.0433438000000006
0.11584330000000165
0.055653599999999415
0.018086900000000128
0.04755959999999959
0.04473970000000094
0.025112099999999415
0.04751070000000013
0.045136700000000474
0.04322059999999972
0.05904430000000005
0.0357757000000003
0.16031820000000074
total: 10.930285800000002
average: 0.11505564000000001
